header	prediction_K562
CXCR4_chr2:136875708:136875939:-	2.287096
MED16_chr19:893131:893362:-	2.2240624
